121  -50
152  -49
152  -48
159  -47
155  -46
145  -45
123  -44
123  -43
132  -42
153  -41
115  -40
151  -39
160  -38
156  -37
144  -36
172  -35
155  -34
141  -33
149  -32
171  -31
190  -30
212  -29
160  -28
195  -27
209  -26
242  -25
209  -24
236  -23
201  -22
224  -21
243  -20
204  -19
218  -18
212  -17
227  -16
240  -15
223  -14
216  -13
205  -12
214  -11
202  -10
260   -9
250   -8
306   -7
383   -6
560   -5
1255  -4
2361  -3
5851  -2
1475  -1
728    0
1080   1
2246   2
2000   3
2251   4
2499   5
2429   6
2116   7
2324   8
2415   9
2287  10
2346  11
2480  12
2169  13
2352  14
2407  15
2253  16
2366  17
2388  18
2242  19
2276  20
2388  21
2094  22
2228  23
2363  24
2173  25
2290  26
2528  27
2232  28
2181  29
2303  30
2325  31
2379  32
2297  33
2202  34
2375  35
2413  36
2270  37
2256  38
2227  39
2097  40
2252  41
2606  42
2140  43
2287  44
2105  45
2073  46
1967  47
2290  48
1990  49
2226  50
144  -50
138  -49
166  -48
150  -47
140  -46
160  -45
217  -44
176  -43
133  -42
126  -41
163  -40
153  -39
199  -38
145  -37
168  -36
159  -35
134  -34
148  -33
169  -32
163  -31
187  -30
177  -29
250  -28
237  -27
277  -26
220  -25
214  -24
211  -23
488  -22
263  -21
251  -20
263  -19
374  -18
289  -17
257  -16
352  -15
260  -14
251  -13
225  -12
206  -11
258  -10
287   -9
312   -8
430   -7
573   -6
1089  -5
2308  -4
6233  -3
1632  -2
680   -1
1259   0
2406   1
2479   2
2135   3
2398   4
2549   5
2491   6
2428   7
2598   8
2184   9
2506  10
2474  11
2307  12
2332  13
2536  14
2232  15
2387  16
2427  17
2375  18
2388  19
2293  20
2149  21
2234  22
2558  23
2242  24
2250  25
2460  26
2123  27
2331  28
2400  29
2042  30
2244  31
2281  32
2300  33
2237  34
2397  35
2092  36
2341  37
2182  38
2010  39
2303  40
2277  41
2137  42
2098  43
2285  44
2053  45
2424  46
2168  47
2081  48
2272  49
2272  50