76   -50
86   -49
72   -48
80   -47
53   -46
85   -45
79   -44
61   -43
65   -42
77   -41
52   -40
49   -39
57   -38
44   -37
53   -36
66   -35
59   -34
61   -33
60   -32
73   -31
66   -30
73   -29
62   -28
68   -27
86   -26
71   -25
89   -24
88   -23
108  -22
108  -21
89   -20
90   -19
89   -18
116  -17
109  -16
106  -15
133  -14
109  -13
84   -12
79   -11
99   -10
90    -9
105   -8
100   -7
123   -6
134   -5
308   -4
585   -3
1519  -2
422   -1
184    0
320    1
570    2
603    3
568    4
654    5
675    6
613    7
587    8
644    9
607   10
607   11
636   12
589   13
545   14
673   15
609   16
645   17
663   18
611   19
663   20
663   21
581   22
620   23
656   24
608   25
679   26
694   27
649   28
662   29
703   30
664   31
640   32
676   33
644   34
653   35
691   36
653   37
680   38
699   39
689   40
676   41
781   42
645   43
679   44
698   45
651   46
573   47
671   48
646   49
683   50
83   -50
75   -49
80   -48
81   -47
76   -46
72   -45
154  -44
94   -43
70   -42
71   -41
84   -40
68   -39
74   -38
68   -37
67   -36
63   -35
53   -34
57   -33
52   -32
51   -31
50   -30
59   -29
72   -28
93   -27
115  -26
93   -25
93   -24
132  -23
211  -22
119  -21
95   -20
103  -19
151  -18
137  -17
116  -16
144  -15
136  -14
103  -13
91   -12
63   -11
99   -10
96    -9
86    -8
115   -7
160   -6
310   -5
564   -4
1588  -3
451   -2
187   -1
319    0
674    1
567    2
561    3
668    4
628    5
537    6
639    7
640    8
548    9
675   10
656   11
573   12
644   13
696   14
636   15
649   16
670   17
614   18
651   19
638   20
595   21
705   22
684   23
646   24
638   25
665   26
623   27
670   28
619   29
616   30
660   31
668   32
676   33
650   34
713   35
622   36
704   37
671   38
575   39
657   40
708   41
591   42
637   43
632   44
591   45
723   46
602   47
640   48
689   49
698   50