526  -50
560  -49
566  -48
645  -47
593  -46
557  -45
627  -44
587  -43
631  -42
643  -41
636  -40
601  -39
627  -38
618  -37
646  -36
729  -35
687  -34
704  -33
652  -32
716  -31
656  -30
747  -29
756  -28
841  -27
722  -26
684  -25
677  -24
621  -23
553  -22
539  -21
509  -20
516  -19
602  -18
854  -17
1225 -16
2208 -15
3094 -14
3267 -13
2906 -12
2482 -11
1910 -10
1825  -9
1636  -8
1592  -7
1663  -6
1433  -5
1380  -4
1315  -3
1198  -2
1340  -1
654    0
532    1
863    2
1859   3
448    4
314    5
168    6
285    7
110    8
90     9
84    10
65    11
75    12
83    13
79    14
92    15
79    16
82    17
80    18
88    19
65    20
88    21
99    22
114   23
122   24
97    25
112   26
116   27
108   28
125   29
111   30
131   31
125   32
116   33
139   34
135   35
120   36
147   37
127   38
147   39
164   40
141   41
148   42
125   43
122   44
165   45
167   46
153   47
162   48
174   49
188   50
517  -50
563  -49
665  -48
538  -47
583  -46
656  -45
545  -44
650  -43
633  -42
583  -41
654  -40
641  -39
595  -38
677  -37
659  -36
659  -35
679  -34
688  -33
747  -32
747  -31
767  -30
813  -29
776  -28
777  -27
730  -26
673  -25
619  -24
586  -23
534  -22
579  -21
501  -20
651  -19
778  -18
1350 -17
2275 -16
3106 -15
3130 -14
2862 -13
2312 -12
2047 -11
1815 -10
1520  -9
1482  -8
1615  -7
1427  -6
1345  -5
1279  -4
1217  -3
1222  -2
646   -1
524    0
905    1
1821   2
436    3
311    4
187    5
280    6
95     7
88     8
89     9
75    10
80    11
59    12
74    13
92    14
76    15
72    16
98    17
94    18
79    19
113   20
87    21
95    22
103   23
107   24
124   25
133   26
97    27
127   28
117   29
126   30
134   31
100   32
134   33
157   34
152   35
123   36
135   37
125   38
132   39
129   40
144   41
128   42
137   43
156   44
126   45
167   46
164   47
153   48
158   49
124   50