2081 -50
1904 -49
2077 -48
2132 -47
2168 -46
2030 -45
2034 -44
2320 -43
2307 -42
2319 -41
2345 -40
2338 -39
2253 -38
2191 -37
2287 -36
2531 -35
2519 -34
2426 -33
2406 -32
2327 -31
2418 -30
2683 -29
2586 -28
2627 -27
2612 -26
2459 -25
2158 -24
2060 -23
1904 -22
1907 -21
1826 -20
1576 -19
1881 -18
2378 -17
3003 -16
5099 -15
6860 -14
7100 -13
6050 -12
5369 -11
4558 -10
3897  -9
3710  -8
3633  -7
3858  -6
3361  -5
3125  -4
2942  -3
3013  -2
3080  -1
1649   0
1273   1
2144   2
4330   3
1150   4
693    5
507    6
742    7
247    8
249    9
160   10
165   11
175   12
173   13
152   14
191   15
182   16
166   17
171   18
179   19
169   20
207   21
203   22
215   23
233   24
212   25
226   26
210   27
229   28
204   29
191   30
258   31
220   32
250   33
190   34
216   35
247   36
219   37
206   38
259   39
215   40
219   41
258   42
235   43
215   44
239   45
280   46
249   47
262   48
226   49
288   50
2036 -50
2161 -49
2325 -48
2165 -47
2357 -46
2508 -45
2245 -44
2256 -43
2544 -42
2208 -41
2387 -40
2471 -39
2338 -38
2293 -37
2335 -36
2285 -35
2424 -34
2481 -33
2531 -32
2665 -31
2834 -30
2677 -29
2681 -28
2683 -27
2707 -26
2307 -25
2349 -24
1961 -23
1758 -22
1801 -21
1706 -20
1957 -19
2021 -18
3318 -17
5240 -16
7000 -15
7059 -14
6078 -13
5179 -12
4663 -11
4080 -10
3643  -9
3436  -8
3542  -7
3282  -6
3042  -5
3047  -4
2948  -3
3239  -2
1538  -1
1322   0
2180   1
4499   2
1137   3
696    4
465    5
655    6
250    7
196    8
185    9
214   10
183   11
175   12
145   13
209   14
208   15
166   16
175   17
215   18
156   19
274   20
226   21
196   22
222   23
215   24
220   25
217   26
202   27
253   28
220   29
250   30
226   31
237   32
287   33
270   34
280   35
214   36
239   37
233   38
212   39
244   40
268   41
236   42
249   43
320   44
239   45
284   46
258   47
225   48
290   49
239   50