2  -49
2  -48
1  -47
1  -46
4  -45
3  -44
1  -43
5  -39
2  -38
1  -37
2  -36
1  -34
1  -33
1  -31
3  -30
1  -29
2  -28
2  -23
2  -20
1  -19
1  -17
4  -16
3  -14
3  -13
4  -11
1   -9
1   -8
2   -7
1   -6
1   -5
4   -4
4   -3
7   -2
8   -1
5    1
2    2
10   3
5    4
6    5
2    6
9    7
11   8
8    9
1   10
8   11
7   12
8   13
2   14
7   15
1   16
4   17
4   18
6   19
5   20
4   21
3   23
6   24
10  25
3   26
1   27
2   28
3   29
3   30
4   31
5   32
9   33
6   34
6   35
7   36
5   37
3   38
7   39
2   40
5   41
4   42
3   43
4   44
1   45
6   46
9   47
4   48
3   49
9   50
3  -50
3  -49
3  -48
1  -47
1  -46
1  -45
3  -42
3  -40
2  -38
6  -35
1  -34
1  -33
1  -28
1  -27
2  -26
1  -23
1  -20
8  -19
2  -18
3  -17
2  -15
1  -14
1  -13
2  -12
4  -11
2   -9
1   -7
1   -6
3   -5
4   -4
12  -3
5   -2
3   -1
5    0
4    1
11   2
5    3
9    4
9    5
7    6
13   7
4    8
6    9
2   10
12  11
9   12
1   13
2   14
5   15
8   16
7   17
3   19
4   20
8   21
9   22
3   23
12  24
1   25
14  26
2   27
4   28
5   29
1   30
6   31
6   32
4   33
3   34
7   35
11  36
2   37
2   38
3   39
5   40
3   41
3   42
6   43
5   44
2   45
5   46
7   47
4   48
3   49
3   50