2  -50
8  -49
11 -48
5  -47
2  -46
15 -45
12 -44
11 -43
8  -42
11 -41
3  -40
21 -39
5  -38
5  -37
5  -36
11 -35
4  -34
3  -33
5  -32
10 -31
4  -30
4  -29
8  -28
9  -27
8  -26
5  -25
8  -24
9  -23
6  -22
5  -21
2  -20
4  -19
5  -18
1  -17
3  -16
12 -15
27 -14
30 -13
29 -12
11 -11
20 -10
2   -9
15  -8
10  -7
14  -6
13  -5
9   -4
10  -3
17  -2
19  -1
7    0
18   1
11   2
27   3
5    4
7    7
2    8
1    9
4   10
5   11
3   12
3   14
3   15
3   18
9   20
3   21
1   23
3   24
3   25
1   26
2   28
1   29
2   30
4   31
7   32
1   33
4   34
1   35
7   36
1   37
1   38
6   40
2   41
2   44
3   46
5   47
3   48
4   49
7   50
3  -50
8  -49
15 -48
6  -47
9  -46
10 -45
5  -44
6  -43
2  -42
6  -41
9  -40
15 -39
11 -38
19 -37
8  -36
4  -35
13 -34
6  -33
12 -32
11 -31
7  -30
2  -29
8  -28
11 -27
3  -26
11 -25
3  -24
16 -23
3  -22
12 -21
3  -20
16 -19
10 -18
15 -17
25 -16
25 -15
22 -14
16 -13
32 -12
17 -11
15 -10
9   -9
10  -8
6   -7
10  -6
9   -5
5   -4
8   -3
11  -2
5   -1
8    0
7    1
3    2
1    3
4    4
6    6
7    7
5    8
1    9
2   10
7   11
2   12
3   13
2   17
3   18
1   19
1   20
2   21
1   22
3   23
1   24
3   25
1   26
5   28
2   29
2   31
2   32
2   33
1   39
3   42
1   43
3   44
1   45
2   47
1   48
1   49