6  -50
7  -49
2  -48
4  -47
2  -46
9  -45
3  -44
5  -43
7  -42
4  -41
1  -40
16 -39
6  -38
5  -37
5  -36
6  -35
4  -34
3  -33
1  -32
7  -31
4  -30
5  -29
8  -28
7  -27
6  -26
5  -25
1  -24
3  -23
3  -22
6  -21
1  -20
2  -19
15 -18
6  -17
2  -16
5  -15
25 -14
18 -13
31 -12
8  -11
20 -10
6   -9
23  -8
8   -7
5   -6
5   -5
12  -4
2   -3
6   -2
10  -1
10   0
6    1
5    2
11   3
3    7
2    8
3    9
4   11
3   12
1   13
1   14
1   17
2   19
4   20
3   21
2   24
4   25
1   27
1   28
1   29
2   30
6   31
1   33
2   34
1   35
1   36
1   37
1   39
5   40
3   45
2   46
5   47
4   49
5   50
6  -50
14 -49
17 -48
1  -47
3  -46
4  -45
5  -44
7  -43
2  -42
1  -41
3  -40
7  -39
6  -38
14 -37
1  -36
4  -35
11 -34
15 -33
6  -32
4  -31
6  -30
2  -29
6  -28
3  -27
1  -26
6  -25
3  -24
4  -23
2  -22
1  -21
1  -20
19 -19
3  -18
6  -17
11 -16
18 -15
13 -14
13 -13
18 -12
9  -11
11 -10
12  -9
8   -8
4   -7
11  -6
9   -5
4   -3
8   -2
2   -1
3    0
4    1
3    2
2    3
2    4
6    6
13   7
2    8
6   11
2   12
9   13
3   14
3   15
2   16
1   17
3   18
2   20
1   21
1   22
2   23
2   24
1   27
1   28
1   29
1   30
1   31
1   35
1   36
1   37
1   38
1   39
1   40
1   41
1   42
1   43
3   44
3   45
1   47
7   48