3  -49
1  -48
4  -45
3  -44
1  -42
3  -41
2  -40
4  -39
1  -38
1  -37
1  -36
2  -30
2  -29
1  -27
2  -26
2  -25
6  -24
5  -23
4  -18
4  -17
4  -16
1  -15
2  -14
3  -12
3  -11
1  -10
2   -9
1   -8
6   -7
2   -6
2   -5
5   -4
2   -3
14  -2
5   -1
5    1
9    2
12   3
4    4
8    5
3    6
12   7
20   8
14   9
6   10
8   11
8   12
4   13
6   14
5   15
7   16
4   17
7   18
4   19
3   20
10  21
1   22
13  23
4   24
9   25
4   26
9   27
6   29
6   30
8   31
8   32
8   33
9   35
9   36
7   37
9   38
8   39
2   40
9   41
16  42
8   43
7   44
5   46
12  47
10  48
8   49
13  50
4  -50
1  -49
3  -48
2  -46
3  -36
6  -35
2  -34
4  -32
4  -31
1  -28
5  -26
3  -22
2  -21
6  -20
5  -19
3  -18
4  -17
1  -16
1  -15
1  -14
2  -13
4  -12
5  -11
1   -9
2   -7
4   -5
7   -4
29  -3
4   -2
1   -1
2    0
10   1
10   2
4    3
14   4
8    5
11   6
10   7
3    8
7    9
12  11
13  12
2   13
8   14
8   15
16  16
11  17
3   18
4   19
7   20
13  21
7   22
6   23
16  24
13  25
14  26
9   27
11  28
9   29
6   30
7   31
4   32
6   33
12  34
11  35
15  36
2   37
3   38
11  39
4   40
7   41
6   42
5   43
9   44
8   45
11  46
1   47
5   48
9   49
2   50